1101000
1101000
1101000
1101000
11011001011101111111111111111000111100000101100101000000000110101111010011000011010100100000
1101000
1101000
1101100101110111111111111111110000101000010110010011010011000010101011111110001110110111010101100
1101000
1101100101110111111111111111110000101000010110010011010011000010101011111110001110110111010101100
1101000
1101100101110111111111111111110000101000010110010011010011000010101011111110001110110111010101100
1101000
1101000
1101000
1101000
1101000
1101000
1101000
1101000
1101000
1101000
1101100001110110000100
110110001011011111111111111110101110100101101110001011110101011010010111110100100111010100110000
110110001111011111111111111110101110100101101110001011110101011010010111110100100111010100110000
110110010011011111111111111110101110100101101110001011110101011010010111110100100111010100110000
110110010011011111111111111110101110100101101110001011110101011010010111110100100111010100110000
110110010011011111111111111110101110100101101110001011110101011010010111110100100111010100110000
110110010011011111111111111110101110100101101110001011110101011010010111110100100111010100110000
110110010011011111111111111110101110100101101110001011110101011010010111110100100111010100110000
110110010011011111111111111110101110100101101110001011110101011010010111110100100111010100110000
110110010011011111111111111110101110100101101110001011110101011010010111110100100111010100110000
110110010011011111111111111110101110100101101110001011110101011010010111110100100111010100110000
11011001011101111111111111111010111010010110111000101111010101101001011111010010011101010000
1101100001110110001000
11011000101101111111111111111100110011111011101111100111001001100110100000111111101000101101011110000
11011000111101111111111111111100110011111011101111100111001001100110100000111111101000101101011110000
11011001001101111111111111111100110011111011101111100111001001100110100000111111101000101101011110000
11011001001101111111111111111100110011111011101111100111001001100110100000111111101000101101011110000
11011001001101111111111111111100110011111011101111100111001001100110100000111111101000101101011110000
11011001001101111111111111111100110011111011101111100111001001100110100000111111101000101101011110000
11011001001101111111111111111100110011111011101111100111001001100110100000111111101000101101011110000
11011001001101111111111111111100110011111011101111100111001001100110100000111111101000101101011110000
11011001001101111111111111111100110011111011101111100111001001100110100000111111101000101101011110000
11011001001101111111111111111100110011111011101111100111001001100110100000111111101000101101011110000
11011001001101111111111111111100110011111011101111100111001001100110100000111111101000101101011110000
11011001001101111111111111111100110011111011101111100111001001100110100000111111101000101101011110000
11011001001101111111111111111100110011111011101111100111001001100110100000111111101000101101011110000
11011001001101111111111111111100110011111011101111100111001001100110100000111111101000101101011110000
11011001001101111111111111111100110011111011101111100111001001100110100000111111101000101101011110000
11011001001101111111111111111100110011111011101111100111001001100110100000111111101000101101011110000
11011001001101111111111111111100110011111011101111100111001001100110100000111111101000101101011110000
11011001001101111111111111111100110011111011101111100111001001100110100000111111101000101101011110000
1101100101110111111111111111110011001111101110111110011100100110011010000011111110100010110101100
1101100001110110001000
11011000101101111111111111111100110011011001101000111101010001001001001000011011011111010101010110000
11011000111101111111111111111100110011011001101000111101010001001001001000011011011111010101010110000
11011001001101111111111111111100110011011001101000111101010001001001001000011011011111010101010110000
110110010011011111111111111111001100110110011010001111010100010010010010000110110111110101010101111110110000111010000000
1101100101110111111111111111110011001101100110100011110101000100100100100001101101111101010101000
